1284.11,-427.37
1284.11,-427.37
1284.11,-427.37
1283.905664,-423.8457683
1283.93,-423.8
1284.42151718,-420.47886581
1284.41,-420.46
1270.71817823,-422.00197054
1270.67,-422.1
1261.02083828,-425.59255962
1260.9,-425.53
1249.03316304,-432.25863895
1249.18,-432.41
1255.38781975,-433.47905447
1255.49,-433.45
1260.14800841,-434.00080432
1260.04,-434.06
1257.18697642,-442.79688464
1257.25,-442.92
1259.01976063,-449.32923327
1259.02,-449.38
1256.71215853,-451.20290284
1256.65,-451.17
1252.51996255,-445.65143706
1252.49,-445.58
1248.43802603,-443.50199495
1248.37,-443.57
1247.29736965,-450.34152278
1247.33,-450.46
1247.04684911,-456.01617799
1247.01,-456.04
1243.09672503,-455.92278004
1243.07,-455.88
1243.07,-455.88
1243.07,-455.88
1243.04812298,-452.42818878
1243.06,-452.39
1241.99984662,-447.37582622
1241.97,-447.33
1242.08653686,-441.80619501
1242.14,-441.73
1244.98535801,-432.54668575
1245,-432.44
1237.16251155,-423.31141988
1237.16,-423.31
1234.22039498,-426.66578518
1234.22,-426.69
1224.82839074,-446.13030132
1224.77,-446.17
1219.70787854,-445.68539104
1219.64,-445.65
1219.64,-445.65
1219.64,-445.65
1214.33517014,-444.60915162
1214.3,-444.62
1198.57763972,-441.4632761
1198.54,-441.41
1176.97997701,-447.39574097
1176.92,-447.55
1168.72925084,-456.74703268
1168.59,-456.67
1168.59,-456.67
1168.59,-456.67
1153.94807523,-438.8695723
1153.87,-438.69
1146.95430154,-427.05810489
1146.88,-426.96
1140.5905498,-417.5691867
1140.56,-417.51
1133.91109664,-409.31833311
1133.83,-409.24
1126.94006332,-398.05053094
1127.01,-398.05
1141.40574741,-406.00264426
1141.51,-406.11
1157.20694896,-420.37808493
1157.34,-420.46
1160.61177279,-415.76101153
1160.46,-415.65
1148.99507235,-395.40931041
1148.91,-395.09
1142.61415836,-385.73405747
1142.5,-385.65
1138.01905705,-376.33998258
1138.03,-376.17
1139.2067734,-366.01206243
1139.22,-365.94
1137.03994872,-355.45565943
1136.97,-355.31
1132.60257045,-343.57187987
1132.58,-343.48
1124.54396111,-339.40213654
1124.42,-339.52
1120.57269467,-342.50959903
1120.56,-342.51
1116.7023561,-336.61910895
1116.72,-336.56
1107.00205308,-319.0332875
1106.88,-318.98
1101.32070351,-312.91976846
1101.28,-312.83
1093.71919972,-307.00782881
1093.64,-307.05
1085.23192703,-309.36711381
1085.12,-309.39
1076.743115,-316.33305513
1076.77,-316.44
1073.13559912,-320.35892985
1073.05,-320.4
1067.51243203,-325.30151574
1067.49,-325.35
1063.91760975,-328.99792329
1063.88,-329.01
1059.64354151,-332.97540738
1059.61,-333.03
1052.39770546,-340.3227756
1052.31,-340.39
1047.27473031,-347.26533319
1047.28,-347.33
1042.45913461,-376.53091823
1042.33,-376.72
1034.32642321,-381.40835587
1034.22,-381.36
1030.55521305,-376.11012108
1030.54,-376.03
1025.32496215,-362.46104119
1025.25,-362.3
1009.16266236,-317.98592492
1009.2,-317.81
1006.03061499,-308.54158931
1005.97,-308.56
1004.47079449,-310.69267978
1004.47,-310.72
993.72229171,-312.350233
993.58,-312.21
990.45093274,-309.08093274
990.45,-309.08
993.13919838,-308.080298
993.14,-308.08
992.90185649,-304.46456851
992.81,-304.48
987.29926004,-301.87965808
987.24,-301.83
982.65724842,-298.81040694
982.64,-298.81
980.89241339,-296.47893016
980.88,-296.44
970.47513069,-291.39871903
970.38,-291.44
937.76506083,-291.14017256
937.63,-291.1
931.32877078,-286.22689528
931.27,-286.16
922.5768397,-283.49753756
922.42,-283.54
910.14040729,-281.46102079
909.94,-281.36
900.62398912,-272.95898375
900.57,-272.84
890.17359519,-265.22575754
890.08,-265.26
887.56281511,-269.33301345
887.55,-269.39
890.37368592,-277.71244787
890.46,-277.83
895.31944569,-287.25506334
895.34,-287.33
901.89906086,-291.13486403
901.97,-291.04
904.70136941,-290.50487728
904.73,-290.55
905.46613826,-293.48029704
905.46,-293.5
914.70352209,-298.12275748
914.8,-298.1
922.35205066,-292.10813786
922.43,-292.02
927.26036048,-290.84456013
927.24,-290.96
932.13810618,-298.36651175
932.24,-298.42
944.85780443,-308.78977579
944.86,-308.84
941.84060593,-313.0227995
941.79,-313.07
936.42874311,-320.40475358
936.39,-320.48
921.30327912,-335.41735067
921.21,-335.42
910.40364312,-341.50436279
910.34,-341.6
904.61582396,-346.29698966
904.55,-346.33
876.12690398,-358.30721404
876.01,-358.33
869.52395956,-354.78628213
869.46,-354.66
866.32468089,-343.79750715
866.31,-343.69
862.11253464,-333.40315849
862.04,-333.32
858.64045781,-328.31909024
858.64,-328.3
853.97815435,-322.36040689
853.9,-322.28
847.28953735,-310.89622463
847.25,-310.76
842.52726935,-300.63928544
842.48,-300.58
826.85908304,-277.56874294
826.81,-277.42
822.04549036,-274.47686662
822.02,-274.62
821.43017582,-278.03898084
821.43,-278.04
817.431192,-273.00150192
817.43,-273
816.10856681,-277.96709037
816.28,-278.25
825.89177239,-295.70319015
825.97,-295.86
833.39414464,-308.89854057
833.44,-308.96
836.19964084,-316.35517526
836.2,-316.42
842.58486145,-329.91729865
842.74,-330.11
847.3363126,-338.47827794
847.35,-338.54
854.9437851,-347.70245594
855.09,-347.82
868.52291499,-365.07368931
868.56,-365.23
872.81504178,-370.26613693
872.88,-370.3
887.43046362,-369.76713448
887.74,-369.7
902.2936831,-365.55877753
902.35,-365.53
905.67900766,-363.81051256
905.68,-363.81
906.46976458,-368.48860536
906.47,-368.49
898.26001415,-390.4303107
898.01,-390.91
879.82714619,-415.7089357
879.56,-415.92
867.83346287,-426.71973081
867.79,-426.78
857.87341948,-438.54296715
857.75,-438.68
851.84437478,-478.93048841
852.08,-479.4
854.43372203,-488.25237012
854.42,-488.31
854.95883819,-497.12049312
854.98,-497.22
854.09736055,-507.50671677
854.04,-507.62
841.45233513,-518.85298253
841.22,-518.97
835.02083483,-523.18101747
835.02,-523.2
829.78773615,-530.2013295
829.7,-530.3
824.39071514,-537.44972852
824.39,-537.47
826.77987584,-543.36108707
826.82,-543.44
818.8065242,-560.87978654
818.52,-561
814.1006994,-572.105424
814.13,-572.29
812.54445362,-577.56056794
812.49,-577.59
807.43642323,-583.13766597
807.39,-583.21
782.50186332,-607.35123811
782.31,-607.45
771.92564745,-609.31170589
771.81,-609.28
760.08071562,-609.87718681
759.91,-609.92
748.11663787,-608.86659446
748.01,-608.76
748.01,-608.76
748.01,-608.76
745.63378913,-601.63284942
745.65,-601.53
743.49697572,-593.17858572
743.43,-593.08
740.53039197,-587.54183506
740.53,-587.52
735.96636037,-580.12258536
735.89,-580.02
730.49955395,-566.12933376
730.48,-565.93
720.65170867,-532.35885151
720.5,-532.08
715.19378315,-519.0310674
715.18,-518.95
721.68278827,-494.84725903
721.84,-494.54
725.34895402,-487.72203236
725.35,-487.72
723.38058706,-481.79176714
723.38,-481.79
722.1476876,-472.93047812
722.16,-472.88
720.67441194,-466.21376075
720.63,-466.14
716.53085055,-455.99770542
716.5,-455.89
709.47610147,-444.31438639
709.36,-444.2
703.15139023,-426.20847656
703.22,-425.97
690.73218653,-402.03730341
690.36,-402.09
684.65025816,-399.39219753
684.63,-399.29
679.19675625,-393.33481736
679.09,-393.28
666.88078441,-393.16080202
666.71,-393.23
655.05603185,-397.24866542
654.9,-397.3
641.44169151,-399.24930307
641.34,-399.22
629.0068374,-400.2861706
628.81,-400.34
615.96004255,-401.42023355
615.85,-401.39
593.14977916,-381.07630781
593.09,-380.88
579.62387744,-363.32844345
579.53,-363.3
578.49443228,-361.59299547
578.53,-361.57
577.69589926,-359.92467346
577.64,-359.91
577.16425649,-356.67132192
577.25,-356.67
577.58513183,-355.52915766
577.54,-355.5
577.18301194,-354.34042587
577.21,-354.34
576.22792495,-350.22151882
576.18,-350.14
575.54863146,-343.93717876
575.6,-343.88
578.13904706,-317.78898659
578.02,-317.55
581.30815828,-303.28283577
581.43,-303.12
588.05554134,-292.18147515
588.12,-292.06
602.36068668,-275.19293044
602.43,-275.19
612.9775986,-263.94217638
612.98,-263.86
622.32368534,-248.09436979
622.5,-247.98
630.71790387,-240.31667829
630.76,-240.25
637.12305274,-237.77233096
637.22,-237.84
644.22152849,-240.24660585
644.3,-240.26
655.93330289,-237.37400051
656.11,-237.28
683.93149876,-231.16872901
684.28,-231.19
699.05817352,-229.91434639
699.17,-229.87
708.1568933,-232.22011645
708.12,-232.32
708.62973516,-235.60549716
708.65,-235.63
708.65554499,-240.32213965
708.63,-240.39
710.39003388,-246.81658104
710.47,-246.9
717.17909338,-250.85729037
717.24,-250.87
731.33097195,-257.21102425
731.39,-257.31
737.72706821,-261.55239849
737.82,-261.57
745.57340775,-264.13084389
745.63,-264.16
751.80116698,-263.33397172
751.88,-263.26
754.07223125,-258.51973744
754.06,-258.48
754.65882922,-254.01981141
754.68,-253.98
769.55787345,-254.82961305
769.8,-254.95
801.10887573,-260.92776652
801.29,-260.88
809.31492812,-260.827431
809.39,-260.85
822.80577809,-254.73462744
822.84,-254.53
824.23792851,-250.39055656
824.25,-250.39
825.51661293,-239.68377964
825.52,-239.46
826.77993043,-235.03059843
826.8,-235.03
826.71585099,-232.59866593
826.69,-232.55
815.45026963,-232.70414894
815.24,-232.79
808.05938348,-232.39258727
807.97,-232.34
798.98534905,-231.50485976
798.95,-231.56
788.87922005,-229.99087772
788.78,-229.93
784.23065795,-220.96664692
784.23,-220.87
781.61401509,-216.79114456
781.57,-216.76
780.64519249,-213.75953968
780.69,-213.73
785.09573958,-213.18967681
785.14,-213.2
790.87443739,-210.78496826
790.94,-210.72
798.21579314,-207.38479395
798.3,-207.38
805.75552863,-205.03536617
805.81,-205
825.24301294,-206.47761955
825.45,-206.58
846.15922788,-206.04036288
846.26,-205.89
846.40870493,-200.28441903
846.36,-200.21
835.86547827,-192.50331629
835.72,-192.42
826.89263134,-187.40149596
826.89,-187.4
828.54950532,-184.2009536
828.55,-184.2
829.55055736,-180.35150667
829.54,-180.34
829.83392011,-178.15554421
829.85,-178.13
831.04597742,-175.07506691
831.05,-175.05
820.29975533,-177.77659662
820.02,-177.9
814.93430862,-182.46641658
814.97,-182.51
818.87848139,-184.29886961
818.92,-184.3
817.01379163,-186.68518324
816.91,-186.74
809.53211905,-187.25345063
809.45,-187.2
807.87682961,-183.63030948
807.91,-183.59
807.15202333,-181.10946194
807.1,-181.09
803.65125679,-178.59795913
803.63,-178.57
786.49586804,-197.26896853
786.4,-197.62
787.65801181,-205.41813001
787.74,-205.48
790.59914772,-207.63935632
790.6,-207.64
785.3515645,-208.71967816
785.35,-208.72
776.75670298,-208.89512605
776.7,-208.88
768.88130571,-211.35809672
768.88,-211.42
767.11934836,-211.84122916
767.09,-211.83
763.64808779,-212.51733225
763.62,-212.54
764.65926537,-219.03724031
764.73,-219.17
765.82749519,-227.79416126
765.78,-227.89
759.13491012,-226.95294718
759.05,-226.81
759.6321794,-223.02101656
759.71,-223.01
760.11527135,-219.93607079
760.02,-219.92
748.80116952,-209.02113653
748.8,-208.84
739.25931456,-197.34907891
739.1,-197.3
732.45763064,-193.47913064
732.43,-193.44
726.59029393,-189.33936555
726.52,-189.31
720.72632596,-185.32707259
720.7,-185.29
716.89400143,-184.25155138
716.84,-184.28
714.5503082,-187.17198701
714.55,-187.2
736.73691574,-207.73567296
736.96,-207.85
740.72060806,-212.04492007
740.56,-212.01
736.01139154,-215.53187055
736.06,-215.64
734.76955579,-221.14294074
734.7,-221.21
731.99080758,-223.8092252
731.99,-223.81
732.59981822,-220.29104896
732.6,-220.29
720.29366541,-206.69239554
720.11,-206.69
707.08968929,-194.12198168
707.02,-193.99
698.25366484,-190.93364428
698.14,-191.01
683.79434461,-195.4618815
683.66,-195.44
674.87290751,-200.17711139
674.9,-200.29
674.04305105,-203.13973579
674.01,-203.14
669.02651523,-206.05119103
668.97,-206.1
664.64543349,-209.04960204
664.63,-209.05
659.04152623,-219.07906927
659.04,-219.16
650.09384322,-228.91049515
649.96,-228.98
642.69880144,-230.30982047
642.62,-230.31
636.58955162,-232.69487733
636.56,-232.75
632.28971024,-232.21999459
632.2,-232.13
622.16067829,-227.7263513
621.99,-227.7
620.65332774,-211.00042656
620.72,-210.71
621.78144236,-200.41683239
621.77,-200.37
629.84490728,-194.1540573
630.02,-194.18
653.26267946,-194.57491199
653.32,-194.52
655.5156913,-178.99240044
655.47,-178.85
649.01426841,-172.96760315
648.89,-172.92
648.45213587,-168.26245788
648.63,-168.26
655.88733756,-166.18414226
655.94,-166.15
660.20130551,-164.74889953
660.22,-164.76
670.24574287,-159.0364239
670.31,-158.94
666.08597096,-153.92250576
666.03,-153.92
658.39378845,-156.56008349
658.19,-156.59
644.93921135,-158.66724473
644.87,-158.68
643.03666355,-158.30675713
643.09,-158.28
643.09,-158.28
643.09,-158.28
648.71518,-155.93991918
648.77,-155.92
647.19137372,-151.94075539
647.04,-151.91
645.37063725,-149.6134178
645.43,-149.57
646.83228847,-146.77057601
646.82,-146.75
649.53053486,-144.29081921
649.59,-144.27
653.12952423,-141.88933116
653.13,-141.87
649.34142345,-134.72602437
649.3,-134.73
639.65164612,-139.58602722
639.62,-139.63
637.78024835,-145.33813804
637.78,-145.39
632.88528259,-150.23639848
632.76,-150.28
625.85241558,-152.83599388
625.82,-152.85
623.19424082,-151.79694195
623.18,-151.76
623.18,-151.76
623.18,-151.76
624.17105336,-146.50625414
624.2,-146.45
624.80220908,-142.33411757
624.78,-142.32
626.42037555,-138.70305381
626.51,-138.68
630.76685348,-136.32734717
630.79,-136.3
640.6954549,-135.76753543
640.73,-135.82
645.18379121,-133.21244098
645.2,-133.17
647.68581575,-123.14627376
647.62,-123
614.20841179,-87.57969684
614.05,-87.55
596.7601153,-93.88202218
596.44,-93.97
591.18863014,-92.15826733
591.13,-92.12
591.13,-92.12
591.13,-92.12
585.64311508,-90.40983539
585.61,-90.42
584.23643737,-88.78209846
584.25,-88.73
576.9053385,-67.89247109
576.65,-67.94
559.93829411,-70.20820979
559.83,-70.21
541.58052612,-77.40082738
541.37,-77.56
528.67075223,-82.09710862
528.5,-82.13
505.57446605,-96.97536977
505.36,-97.28
492.61796641,-108.58818887
492.51,-108.59
484.92755733,-105.43300286
484.83,-105.38
484.83,-105.38
484.83,-105.38
475.88662314,-89.97720578
475.95,-89.82
476.097906,-84.08273814
476.07,-84.03
482.99529453,-72.20038308
483.19,-72.08
490.0388794,-66.32879399
490.06,-66.29
487.07821801,-55.24636091
486.98,-55.2
484.75957751,-52.30887132
484.77,-52.28
477.87759822,-39.09063392
477.76,-38.98
464.06352127,-35.95215925
463.77,-35.95
448.04422422,-31.37486647
448.05,-31.26
448.82979429,-28.35039198
448.84,-28.35
459.30492271,-27.13036356
459.47,-27.11
446.06137961,-23.6207846
445.88,-23.62
436.69994978,-27.10190326
436.59,-27.16
428.3575461,-30.70952125
428.33,-30.71
419.85490601,-34.18190624
419.74,-34.24
412.78093954,-37.73982721
412.78,-37.74
409.24105492,-40.3592133
409.24,-40.36
405.11123074,-42.56934142
405.11,-42.57
399.22989896,-44.66179773
399.2,-44.66
383.4935114,-43.41858455
383.26,-43.4
383.26,-43.4
383.26,-43.4
380.91661654,-46.90612361
380.9,-46.94
377.52082013,-50.53925984
377.52,-50.54
379.5191961,-53.48118506
379.67,-53.35
387.83790986,-49.12363951
387.91,-49.11
397.56350089,-51.80987256
397.7,-51.9
407.59768241,-54.26461302
407.7,-54.21
412.71323823,-56.13615489
412.78,-56.22
421.088575,-61.32758622
421.19,-61.36
426.95988434,-67.04940031
426.96,-67.16
429.6033297,-73.02907937
429.66,-73.07
435.74112846,-81.1683881
435.69,-81.25
426.43529586,-82.70891746
426.28,-82.63
419.31453028,-81.48096937
419.26,-81.51
418.74654937,-86.32685886
418.8,-86.43
419.42995482,-92.84452284
419.4,-92.91
414.71955918,-93.9813681
414.62,-93.93
409.56866855,-96.28181529
409.75,-96.39
412.65940903,-99.41384907
412.65,-99.43
401.22747801,-97.56404701
401.09,-97.48
401.09,-97.48
401.09,-97.48
394.21835258,-91.08027073
394.18,-91.02
382.98819058,-88.493421
382.79,-88.55
377.0307542,-88.70661404
377,-88.69
386.63932211,-85.66443724
386.85,-85.69
394.0009284,-84.58817158
394.02,-84.54
404.10354204,-80.33763414
404.2,-80.38
410.38491511,-80.318521
410.46,-80.29
411.73562094,-77.31815266
411.67,-77.27
408.48528088,-75.5902274
408.47,-75.59
404.53102859,-70.40683916
404.48,-70.32
397.46599751,-62.62113927
397.4,-62.58
389.94905408,-61.9086315
389.85,-61.96
380.76772218,-62.57056072
380.63,-62.54
374.77111961,-66.81263606
374.89,-66.86
373.04956525,-73.31808086
372.92,-73.46
357.52216865,-80.30964863
357.29,-80.31
347.07281093,-82.16797557
347.01,-82.2
340.55754432,-82.80084882
340.49,-82.77
337.74044825,-85.5738879
337.83,-85.67
340.40923116,-88.4191805
340.41,-88.42
335.2615347,-89.87956492
335.26,-89.88
324.87843034,-91.50710559
324.79,-91.51
319.47062308,-93.7399651
319.47,-93.79
313.11189528,-98.48578978
312.98,-98.54
290.73295661,-117.6645725
290.86,-117.75
293.75644201,-121.85687145
293.78,-121.91
298.41741146,-125.77710038
298.48,-125.79
308.73277264,-129.87271347
308.85,-129.93
319.42065471,-134.18665449
319.48,-134.2
322.46423521,-141.64165873
322.39,-141.83
321.82071337,-151.13471894
321.87,-151.23
325.09609716,-154.6801302
325.12,-154.68
334.80208714,-145.25659986
334.87,-145.08
343.98645064,-135.18833184
344.17,-135.09
356.07885949,-120.23092665
356.05,-120.07
358.64079634,-113.673511
358.73,-113.61
364.25450294,-106.5278865
364.29,-106.45
377.95875972,-99.77615161
378.17,-99.81
392.73105167,-107.55505611
392.76,-107.64
392.10207075,-112.22809461
392.08,-112.27
393.28519036,-117.50082934
393.35,-117.57
395.96921924,-120.35916858
395.97,-120.36
400.23872754,-118.14066156
400.24,-118.14
408.55174993,-112.91090514
408.62,-112.86
412.7187782,-109.79091486
412.72,-109.79
413.67971392,-112.39922222
413.68,-112.4
414.02035012,-116.61269849
414.01,-116.64
414.59002021,-120.53204838
414.61,-120.57
414.78958402,-124.74417759
414.77,-124.78
416.36341985,-131.38989538
416.42,-131.49
416.82098267,-137.91039156
416.75,-137.96
418.97663573,-140.71424732
419.08,-140.66
428.77695199,-141.18488513
428.85,-141.25
420.24304098,-152.70607705
419.96,-152.84
424.20419237,-155.90053154
424.23,-155.9
423.71244186,-157.93409954
423.68,-157.97
427.25614433,-164.69968439
427.39,-164.73
432.03713821,-168.27024891
432.06,-168.32
429.10153845,-172.35605774
428.98,-172.39
411.01319884,-172.78729393
410.75,-172.76
410.75,-172.76
410.75,-172.76
406.3513112,-172.30013708
406.35,-172.3
414.62753256,-164.1024436
414.63,-164.1
391.93458759,-158.77671753
391.53,-158.78
370.84820304,-163.69209191
370.56,-163.83
360.23139138,-169.80226311
360.23,-169.82
368.68542071,-168.89658839
368.89,-168.8
380.56478191,-165.35045786
380.64,-165.35
383.75915637,-167.88630278
383.72,-167.96
380.0776217,-172.38910457
380.04,-172.42
379.1432085,-177.32901202
379.18,-177.41
391.49658703,-182.4882248
391.67,-182.46
396.24863516,-181.68023244
396.25,-181.68
392.73104896,-184.10927586
392.73,-184.11
385.69916652,-187.29709512
385.64,-187.31
376.76941487,-190.75498022
376.68,-190.8
369.86496078,-192.62490462
369.84,-192.61
375.82912974,-187.26595723
376.01,-187.19
374.90311367,-183.59834039
374.73,-183.63
358.59178329,-189.69125916
358.39,-189.78
345.48867343,-198.31706304
345.47,-198.4
333.42807263,-206.08813606
333.16,-206.17
324.94071508,-210.80858164
324.89,-210.86
317.8274885,-216.49706297
317.76,-216.54
312.99192933,-222.00144093
312.98,-222.05
311.43350912,-222.7908665
311.41,-222.73
307.58452714,-229.00404481
307.58,-229.2
296.80258577,-243.90437793
296.58,-244.01
275.87889507,-260.0856893
275.81,-260.21
274.94438459,-274.27305989
274.98,-274.55
274.60397424,-288.16469384
274.56,-288.25
271.14216261,-291.00187132
271.11,-290.99
266.31508647,-275.10062474
266.34,-274.96
264.22140099,-268.33719403
264.15,-268.27
258.96538386,-266.23595095
258.92,-266.25
251.05373225,-264.59002542
250.96,-264.55
241.37173813,-263.42678758
241.27,-263.46
235.94296345,-267.63045321
235.92,-267.68
231.07199772,-269.79950783
230.98,-269.78
224.2228936,-267.39705317
224.17,-267.37
212.71507234,-268.02708874
212.57,-268.11
202.4117684,-273.58757694
202.31,-273.64
195.07159025,-279.78258964
195.05,-279.84
190.2718343,-294.07183905
190.21,-294.26
186.48111154,-305.6566028
186.48,-305.66
188.38943082,-313.0078097
188.39,-313.01
206.61678308,-328.46352776
206.92,-328.4
220.80842686,-318.4630631
220.86,-318.31
226.44688779,-313.04913208
226.55,-313.02
235.88964911,-312.75229905
235.95,-312.79
229.83995859,-331.11367339
229.62,-331.59
233.34179313,-342.34711725
233.6,-342.31
249.5925887,-344.18410267
249.62,-344.25
248.45926757,-356.95323351
248.43,-357.14
249.14455824,-372.51814025
249.22,-372.64
255.07485307,-378.51099205
255.13,-378.54
262.54042324,-378.555741
262.65,-378.51
275.61846045,-379.48339671
275.74,-379.58
281.92412212,-380.62957721
282,-380.58
286.56938361,-375.17043606
286.6,-375.11
295.85291917,-367.34184917
295.95,-367.34
301.12415283,-364.40851793
301.17,-364.36
307.13767149,-363.10498195
307.06,-363.2
304.94731723,-377.17751795
304.99,-377.26
308.40492679,-376.88019343
308.47,-376.8
309.51514894,-372.81561729
309.49,-372.79
311.72784748,-366.37336846
311.84,-366.29
322.07870078,-367.19269289
322.18,-367.3
341.57348521,-372.60714646
341.69,-372.58
368.77099757,-388.8938239
368.95,-389.15
384.47061412,-396.3478841
384.59,-396.32
406.23006449,-411.8962244
406.31,-412.19
408.87064193,-418.22730611
408.89,-418.24
402.55857776,-428.76924103
402.39,-428.93
398.91026187,-434.81926349
398.94,-434.85
405.51040329,-431.3898609
405.63,-431.28
416.22268914,-428.20344234
416.31,-428.29
415.67218656,-432.93296536
415.6,-433.01
411.13119544,-435.88842302
411.1,-435.89
412.08997228,-437.09994533
412.14,-437.12
417.9686547,-435.90739949
418.04,-435.85
431.12501216,-433.56830047
431.29,-433.66
436.15491346,-438.78142642
436.15,-438.83
439.73701453,-442.34058455
439.83,-442.28
452.07267561,-441.68616632
452.32,-441.72
466.41371623,-447.51422052
466.54,-447.64
477.53706949,-454.1110657
477.67,-454.15
485.33772325,-460.3204423
485.37,-460.44
480.27816072,-478.69540794
480.13,-478.88
474.37225999,-487.37677499
474.34,-487.44
469.39086625,-494.2585854
469.34,-494.31
467.00896283,-504.48781578
467.03,-504.69
455.84816087,-547.90518399
455.66,-548.07
448.72675478,-549.7147266
448.63,-549.7
443.49603424,-550.36497409
443.48,-550.39
437.83066499,-553.87418422
437.75,-553.91
428.92653689,-559.42341296
428.86,-559.48
426.16172827,-566.87435257
426.2,-566.99
423.60444869,-581.17386761
423.51,-581.31
421.64025135,-586.80232893
421.64,-586.85
418.94521505,-593.31942329
418.9,-593.38
412.51145872,-603.49140658
412.45,-603.6
397.31742826,-611.4970518
397.1,-611.42
387.39101357,-610.58780897
387.39,-610.64
390.15358797,-613.09887488
390.2,-613.12
395.49770186,-619.39628122
395.54,-619.48
396.78200945,-627.38917237
396.75,-627.46
382.87892982,-634.23907252
382.7,-634.24
377.87633984,-638.83833517
377.93,-638.94
376.18497353,-646.94176806
376.12,-647.02
372.07262359,-645.47228845
372.01,-645.44
367.71597994,-649.22516699
367.79,-649.37
372.06932153,-653.73663953
372.11,-653.75
372.6261266,-656.67787352
372.57,-656.74
371.28829056,-660.81826441
371.3,-660.85
368.99463848,-666.72799234
368.94,-666.8
367.77358299,-673.77378275
367.83,-673.86
371.58008832,-677.5582143
371.61,-677.57
373.12031034,-688.75089467
373.04,-688.91
371.9477528,-702.03325982
372.01,-702.11
374.75357314,-707.45909177
374.78,-707.46
383.31389702,-711.9351366
383.43,-712.01
393.8918547,-717.79872305
393.95,-717.82
397.42896296,-719.08962154
397.43,-719.09
393.15127544,-719.17997318
393.15,-719.18
385.52657133,-719.7519032
385.47,-719.76
378.27423648,-718.83388866
378.21,-718.81
378.21,-718.81
378.21,-718.81
371.91803421,-710.73203659
371.96,-710.62
364.68736397,-707.33810842
364.6,-707.29
364.6,-707.29
364.6,-707.29
360.44531452,-706.79907385
360.41,-706.81
356.73271529,-704.60079817
356.7,-704.54
353.2810548,-700.96087973
353.25,-700.95
343.23345819,-684.80545125
343.15,-684.58
337.70679487,-676.94820781
337.64,-676.91
336.36920531,-672.68941319
336.46,-672.66
337.75742074,-661.36480191
337.67,-661.24
335.9374505,-655.87336444
335.95,-655.84
331.81990909,-648.94166713
331.72,-648.84
326.53587985,-638.57501769
326.53,-638.44
324.97248745,-631.49766955
324.95,-631.47
324.30491006,-618.39150105
324.32,-618.15
323.06553734,-596.66556648
323.02,-596.44
320.17282435,-545.9314375
320.19,-545.36
319.04302758,-533.05363868
319.02,-532.97
298.2088833,-512.38855637
297.89,-512.22
286.31883545,-501.22296912
286.23,-501.04
278.65260633,-488.78284267
278.58,-488.69
272.78454099,-478.72382048
272.76,-478.65
262.89101967,-461.17113717
262.8,-461.11
258.74925858,-455.08912987
258.73,-455.02
261.08458036,-445.75871731
261.18,-445.62
262.41978195,-439.75818525
262.35,-439.74
269.06128227,-417.82079115
269.37,-417.43
276.42612006,-394.68949111
276.37,-394.46
274.9222735,-387.71496962
274.92,-387.69
273.78678759,-386.2101975
273.77,-386.21
273.98918006,-383.87893016
274.01,-383.84
272.30671094,-380.12492501
272.23,-380.09
262.77258445,-382.82514725
262.77,-382.91
256.45716996,-384.06655067
256.31,-383.99
250.22190986,-381.49033514
250.2,-381.49
244.11042783,-377.35917253
244.03,-377.29
237.71491276,-371.9497321
237.69,-371.93
236.21020047,-368.08507364
236.21,-368.04
233.93803019,-363.25480431
233.9,-363.22
230.25247172,-357.08795683
230.23,-357.02
227.60813746,-354.18261347
227.58,-354.21
215.96876718,-352.7918844
215.76,-352.7
206.82628455,-346.24438424
206.78,-346.18
200.66844983,-340.68044506
200.61,-340.65
192.08864826,-340.73713089
191.95,-340.79
186.82152874,-342.74941592
186.82,-342.75
171.0746935,-335.12227374
171.07,-335.12
151.59145399,-323.5544042
151.52,-323.48
148.96439519,-314.65061471
149,-314.51
147.59104091,-304.02742361
147.52,-303.88
140.27582845,-293.33280829
140.2,-293.25
136.24043164,-287.27743989
136.25,-287.26
132.38537363,-278.91261304
132.31,-278.79
126.94545532,-265.61960331
126.93,-265.51
123.24061551,-258.36250789
123.17,-258.33
118.56268652,-259.23174249
118.52,-259.29
121.41676871,-274.38132438
121.55,-274.67
125.71518146,-287.53350956
125.73,-287.63
128.83245309,-297.82585259
128.87,-297.9
125.38927286,-297.8752599
125.25,-297.7
122.2838907,-290.20532083
122.3,-290.14
119.53511711,-284.63330221
119.45,-284.57
115.73275691,-276.39912905
115.78,-276.31
113.99022157,-268.13897758
113.92,-268
111.59262781,-257.56494064
111.61,-257.46
105.34362967,-244.58066034
105.2,-244.52
100.91721545,-238.83958691
100.9,-238.74
99.21626542,-230.67376215
99.2,-230.61
99.27187103,-226.13186073
99.29,-226.12
98.47159571,-222.56859874
98.44,-222.52
97.84706623,-216.66221554
97.88,-216.59
98.52179621,-212.42986754
98.51,-212.41
100.6912868,-208.12196449
100.74,-208.07
105.54875967,-200.45528234
105.58,-200.38
112.51470646,-190.2149374
112.6,-190.12
120.54259081,-177.94857172
120.59,-177.84
125.89229645,-171.28076391
125.95,-171.28
128.31235582,-172.70574553
128.31,-172.73
133.52980173,-170.79129092
133.62,-170.66
135.75753573,-165.55692818
135.74,-165.55
134.6401496,-163.39939924
134.64,-163.37
129.29953311,-156.40708151
129.21,-156.32
125.53109367,-149.09425136
125.58,-149.04
126.20638785,-144.93754791
126.18,-144.89
129.68966682,-135.80275931
129.77,-135.8
130.53010022,-134.93496077
130.51,-134.92
128.5036759,-127.67065174
128.51,-127.56
123.29106848,-117.38539182
123.16,-117.33
115.18196818,-112.72725438
115.12,-112.68
109.36434196,-109.840383
109.33,-109.84
98.07449002,-107.48923015
97.92,-107.45
85.41538821,-106.68607145
85.33,-106.73
70.6079179,-109.70031779
70.53,-109.66
59.39803905,-112.98605548
59.18,-113.1
46.12948142,-118.67469297
46.06,-118.69
36.48188662,-122.32376827
36.39,-122.37
12.07527231,-131.03106351
11.97,-131.03
16.95491631,-127.74949244
17.13,-127.68
38.28871659,-117.0772782
38.32,-117.03
33.9913438,-115.80892014
33.9,-115.85
27.76733907,-115.46041916
27.69,-115.42
24.36099234,-113.6705215
24.36,-113.67
27.97892124,-111.80055726
27.98,-111.8
32.4475334,-103.65209309
32.42,-103.54
47.03713715,-95.65921192
47.36,-95.61
60.48046505,-91.30072899
60.57,-91.24
59.42837061,-87.24130783
59.26,-87.31
50.77849675,-87.40147897
50.66,-87.37
47.76590132,-84.35668849
47.83,-84.31
63.65223841,-80.88582463
63.8,-80.91
71.98172036,-79.75990908
72.06,-79.72
75.82887654,-77.7705811
75.83,-77.77
73.35073904,-75.1207897
73.35,-75.12
70.86033513,-71.80173483
70.86,-71.79
81.42214566,-68.50065372
81.53,-68.5
92.2146938,-65.69701201
92.34,-65.65
113.50140147,-60.91182832
113.73,-60.88
137.60477565,-60.64456513
137.88,-60.69
155.19182409,-63.17689386
155.31,-63.19
170.50339437,-66.20276206
170.64,-66.24
199.43866143,-66.17911203
199.79,-66.09
211.42219508,-64.36894143
211.46,-64.38
216.04017362,-63.83086779
216.08,-63.81
221.82235838,-64.25016885
221.9,-64.29
230.94241151,-65.40355695
231.06,-65.39
243.9912018,-67.14668372
244.15,-67.2
254.0758885,-69.67966785
254.12,-69.68
254.5165247,-71.32127546
254.45,-71.37
254.24882111,-73.86620481
254.31,-73.89
263.3250192,-74.01186504
263.44,-74
272.31265225,-76.91891303
272.37,-77.03
274.3194189,-80.79887654
274.32,-80.8
276.84924606,-77.63094466
276.85,-77.63
284.86363024,-72.80913164
284.96,-72.78
283.15727237,-68.37852534
283.01,-68.44
270.641732,-70.10698081
270.47,-70.08
270.47,-70.08
270.47,-70.08
261.76681595,-67.03318392
261.67,-66.99
255.84173734,-64.37078076
255.84,-64.37
264.0375564,-63.78017582
264.04,-63.78
272.23889587,-62.0295414
272.24,-62.01
265.26678452,-60.20064036
265.15,-60.19
261.53366563,-59.02197622
261.61,-59.01
262.31959834,-55.49084997
262.2,-55.46
262.87893606,-53.22221489
263,-53.17
245.93248217,-58.22905939
245.64,-58.35
241.86347868,-57.11313756
241.83,-57.08
249.22840662,-49.8989261
249.5,-49.75
274.90325645,-45.95321437
275.19,-46.04
280.49841762,-47.65951724
280.5,-47.66
273.42210984,-49.0595828
273.42,-49.06
284.46880689,-51.22146205
284.67,-51.28
293.51310966,-51.26019307
293.59,-51.21
296.59670623,-50.62511196
296.6,-50.65
296.8875851,-53.32706296
296.89,-53.35
302.24583961,-52.66890178
302.33,-52.58
309.43895042,-50.4307001
309.44,-50.49
307.13833019,-55.13699565
307.1,-55.2
304.77069434,-59.01886164
304.77,-59.02
308.57886462,-61.00940698
308.58,-61.01
312.38886462,-62.99940698
312.39,-63
306.1418625,-65.8491507
306.14,-65.85
294.42063839,-67.39618794
294.27,-67.36
296.00478888,-72.76421794
296.15,-72.81
306.69728972,-73.82295414
306.79,-73.81
315.02341915,-75.36554344
315.1,-75.42
321.20502508,-75.56593392
321.29,-75.5
328.53713858,-72.03066578
328.61,-72.01
333.00306362,-64.58349718
332.9,-64.51
327.1609799,-55.65624289
327.16,-55.55
327.16,-55.55
327.16,-55.55
323.96359987,-52.57099496
323.91,-52.54
320.6609685,-50.68055428
320.66,-50.68
325.0087037,-51.35979736
325.01,-51.36
330.29934131,-50.39572713
330.32,-50.36
341.56865522,-46.07144474
341.66,-46.07
340.77011969,-49.54160924
340.74,-49.6
336.82987323,-59.56192351
337.02,-59.47
344.95113255,-57.47224435
344.98,-57.5
344.96881201,-61.23593033
344.94,-61.29
347.84276217,-68.06801223
347.92,-68.04
351.29132719,-68.04901098
351.32,-68.06
351.19871708,-71.54560091
351.15,-71.62
363.47233101,-69.4297735
363.68,-69.21
371.06333684,-61.99919937
371,-62.01
360.23208086,-59.19164226
360.23,-59.14
376.09615283,-47.80537516
376.17,-47.78
368.76819867,-41.98620122
368.76,-41.98
373.08516348,-36.66599878
373.17,-36.63
380.94645198,-37.51233651
381.06,-37.57
393.88404717,-39.29475622
394.09,-39.28
405.84376015,-39.50601106
405.9,-39.52
409.87675575,-36.00898777
409.83,-35.98
409.83,-35.98
409.83,-35.98
400.51481478,-34.82792809
400.38,-34.84
391.23324051,-33.92009596
391.18,-33.89
396.51093022,-32.408267
396.73,-32.41
405.15728887,-28.44385309
405.01,-28.38
406.92931201,-27.81339528
407.05,-27.83
411.61551073,-24.82170482
411.53,-24.75
422.49287588,-22.07915028
422.82,-22.1
435.576744,-21.38769599
435.63,-21.36
433.95384486,-18.22216827
433.84,-18.25
413.62259521,-17.07349093
413.64,-17.05
456.69586131,-13.05279283
457.21,-13.02
478.96261264,-11.30181639
479.06,-11.29
484.82828054,-10.57021456
484.83,-10.57
475.30283994,-15.14863516
475.3,-15.15
480.39553396,-21.22769811
480.63,-21.13
521.76016677,-16.5098383
522.62,-16.53
550.64671388,-14.30425824
550.97,-14.25
572.29927775,-12.38593593
572.42,-12.4
583.42625867,-11.8123558
583.51,-11.79
613.06957246,-15.39988056
613.27,-15.5
625.59424666,-17.11922618
625.79,-17.1
631.3430981,-18.00334332
631.28,-18.05
622.52751692,-20.62569092
622.42,-20.64
609.38599462,-30.60380352
609.44,-30.71
607.10858267,-35.98476455
607.03,-36.06
602.94065155,-41.31721185
602.93,-41.35
586.64696312,-48.93321487
586.49,-48.94
584.4580151,-52.74686581
584.59,-52.82
591.35007937,-57.16198853
591.4,-57.2
594.399106,-59.46932354
594.4,-59.47
591.69080758,-60.47969902
591.69,-60.48
584.58297117,-58.43113065
584.48,-58.36
577.36161092,-58.23377797
577.44,-58.33
576.32829039,-60.5847052
576.27,-60.6
579.67532775,-63.22367721
579.82,-63.2
585.57096841,-64.08516989
585.6,-64.12
598.7331915,-83.24176882
598.84,-83.28
605.70214045,-82.59325878
605.78,-82.57
613.61769932,-83.1865126
613.7,-83.24
616.88904938,-85.3393742
616.89,-85.34
649.77490326,-120.48128948
649.88,-120.49
650.48467121,-121.89604849
650.48,-121.92
652.90452089,-123.78291468
652.95,-123.79
655.71917454,-124.20987484
655.72,-124.21
653.08078672,-127.02915964
653.08,-127.03
650.4307897,-129.84915964
650.43,-129.85
653.40911196,-130.97966326
653.41,-130.98
662.75581483,-142.90269078
662.85,-143.11
667.05742971,-146.86339987
667.11,-146.85
668.78998347,-150.31339125
668.69,-150.38
674.70546473,-155.46981077
674.75,-155.46
683.15233196,-149.39081985
683.25,-149.3
694.10195529,-143.21436308
694.22,-143.2
701.78713826,-137.10664108
701.72,-137.06
699.86659526,-128.37348359
699.89,-128.31
703.55019533,-124.56288168
703.6,-124.53
706.62909706,-122.55059004
706.63,-122.55
705.85023244,-127.40855172
705.85,-127.41
707.09648821,-131.92873026
707.15,-131.92
711.86570066,-130.12430236
711.91,-130.1
715.27231027,-130.42424381
715.29,-130.47
711.59875332,-134.64689217
711.54,-134.6
709.20802431,-134.68118198
709.19,-134.71
707.40123137,-134.54417005
707.38,-134.51
705.82001344,-133.53032768
705.81,-133.54
707.85576273,-137.47421941
707.9,-137.53
714.34411889,-139.6167814
714.45,-139.58
721.50233628,-139.88988386
721.58,-139.93
730.99189139,-139.29387649
731.16,-139.23
740.17436877,-138.0803724
740.24,-138.11
745.56401309,-138.06881204
745.62,-138.04
751.75915929,-129.53348341
751.74,-129.42
757.12957584,-123.67768617
757.27,-123.73
762.82665022,-123.48308014
762.87,-123.44
761.83458672,-118.73977007
761.76,-118.66
760.59638964,-114.47959729
760.64,-114.45
768.5073518,-113.91937683
768.61,-113.93
781.3780597,-110.00636864
781.34,-109.94
767.03332289,-108.77947844
766.85,-108.82
755.99368772,-108.11556946
755.87,-108.06
752.9589545,-95.78397426
753.09,-95.6
758.24780001,-83.25897284
758.2,-83.2
748.12346716,-87.12032575
747.96,-87.3
739.25849994,-94.52526453
739.2,-94.55
733.93011516,-99.41261171
733.9,-99.47
733.88158897,-105.63584771
733.93,-105.71
738.10023046,-109.22705024
738.14,-109.24
736.01406212,-115.98421363
735.86,-116.09
731.17033733,-122.86947941
731.14,-122.95
725.06937643,-130.2682285
724.98,-130.32
718.32896715,-130.72236669
718.26,-130.66
715.16200191,-125.31359311
715.15,-125.26
711.26339563,-118.21421851
711.21,-118.15
707.98096254,-114.28115326
707.98,-114.28
703.8812218,-116.779255
703.88,-116.78
697.45948073,-119.25996485
697.42,-119.26
689.05990738,-111.55199167
689.05,-111.44
687.98350864,-106.0836941
687.97,-106.05
697.53507211,-96.96662625
697.7,-96.92
716.24993393,-83.99163752
716.31,-83.88
722.61984222,-76.63196745
722.7,-76.56
727.5393477,-71.06975007
727.54,-71.05
733.05747295,-67.91309788
733.15,-67.88
744.57192502,-63.49039346
744.67,-63.45
759.82901662,-60.77501307
760.02,-60.77
784.28931342,-65.61758945
784.47,-65.73
792.08156946,-67.81346985
792.15,-67.8
818.8367865,-76.01789793
818.87,-76.09
808.35105299,-79.94249689
808.19,-79.92
797.01289505,-77.84404425
796.9,-77.82
788.77003783,-77.66090304
788.74,-77.69
790.56886957,-80.45740739
790.64,-80.49
795.53171474,-85.20530268
795.56,-85.26
809.44039895,-92.19342342
809.56,-92.15
809.44880914,-88.13488373
809.33,-88.07
811.85108747,-87.34756235
811.99,-87.4
818.95784869,-84.57626062
818.93,-84.5
823.2915044,-81.53787941
823.4,-81.51
831.13912799,-77.69701302
831.12,-77.65
832.0942788,-72.23777791
832.2,-72.25
835.32433902,-74.05599463
835.32,-74.08
837.47931177,-76.82794498
837.52,-76.85
846.66200155,-74.68773308
846.83,-74.6
863.85679022,-70.78131953
863.93,-70.84
873.71865668,-70.91207299
873.91,-70.88
883.29002329,-70.17850976
883.31,-70.19
885.21726569,-69.67056482
885.23,-69.65
882.22264334,-65.57517782
882.18,-65.6
868.6835181,-62.42125949
868.68,-62.42
860.48833311,-60.53084834
860.41,-60.5
860.41,-60.5
860.41,-60.5
856.19799055,-56.19292976
856.25,-56.13
856.73656916,-54.29084235
856.72,-54.29
858.01121047,-52.49935136
858.05,-52.47
860.42938283,-49.86401508
860.43,-49.85
868.57758318,-41.9974091
868.68,-41.95
879.77315493,-39.73039723
879.9,-39.72
892.38841341,-38.3723625
892.47,-38.36
898.07653137,-38.7791561
898.09,-38.8
888.44253712,-42.32111617
888.17,-42.37
870.10856276,-50.70212116
870,-50.83
869.45668305,-60.54697276
869.56,-60.62
872.21920732,-62.4694487
872.22,-62.47
876.07296912,-63.58554982
876.11,-63.55
912.10169255,-71.88950458
912.17,-71.95
917.68874708,-69.68636401
917.69,-69.63
912.56593919,-65.98177971
912.48,-65.94
911.13217539,-52.68414156
911.38,-52.62
924.84007564,-61.49346306
925.04,-61.76
930.7644077,-76.66165721
930.68,-76.78
929.85667739,-80.97315886
929.9,-80.99
939.40357826,-75.11971481
939.43,-75.02
934.36003774,-65.61782051
934.23,-65.55
928.32074247,-57.90145998
928.32,-57.82
932.08387803,-57.11611
932.16,-57.13
947.57154384,-50.4439657
947.83,-50.26
956.43861034,-47.84265463
956.54,-47.84
963.69813956,-44.23073423
963.64,-44.16
962.77120669,-41.92920924
962.78,-41.92
988.07143892,-38.3409124
988.21,-38.36
997.29445483,-36.03059336
997.4,-35.95
1001.54944046,-31.76749453
1001.55,-31.75
990.35980626,-31.84660222
990.33,-31.89
987.92711259,-30.91970694
987.94,-30.85
978.97572622,-27.89999701
978.72,-27.88
956.05683585,-22.88388679
956.14,-22.8
969.6270076,-22.83455001
969.78,-22.91
977.38540968,-24.79974566
977.45,-24.8
982.04749763,-25.96053641
982.06,-25.98
986.59611961,-27.15984141
986.66,-27.16
1003.23798461,-30.83478694
1003.22,-30.87
1005.61947488,-31.88986236
1005.67,-31.89
1012.46730238,-33.8864637
1012.53,-33.92
1027.2823167,-35.99894654
1027.53,-36
1041.92247744,-38.18818314
1042,-38.24
1045.22986312,-41.16742505
1045.23,-41.18
1039.2697149,-45.20509844
1039.17,-45.26
1042.26140172,-49.17426695
1042.55,-49.1
1055.33482238,-48.96396806
1055.49,-49.01
1065.23307015,-49.63460288
1065.32,-49.61
1076.05971602,-50.22133589
1076.21,-50.26
1087.41057389,-50.86728184
1087.51,-50.84
1109.71622668,-52.17250535
1109.88,-52.26
1120.82812686,-58.21454112
1120.93,-58.27
1131.21636037,-59.76552568
1131.34,-59.71
1141.73705227,-58.97093332
1141.89,-59
1151.62420173,-58.42399226
1151.71,-58.38
1153.93193719,-54.95852733
1153.9,-54.92
1167.95931175,-53.06216402
1168.23,-53.11
1179.82101009,-54.74502658
1179.89,-54.75
1189.66511348,-57.58743999
1189.76,-57.63
1211.87072039,-60.66826842
1212.29,-60.68
1233.02308292,-63.23905001
1233.12,-63.29
1252.16029578,-65.59630301
1252.53,-65.6
1272.32807643,-67.66676954
1272.43,-67.71
1277.19755686,-65.96915826
1277.11,-65.87
1282.98496591,-64.26564758
1283.23,-64.29
1319.08812571,-70.79464452
1319.26,-70.86
1331.52280033,-73.76564604
1331.64,-73.78
1344.14771841,-77.40376828
1344.24,-77.45
1353.24133641,-79.05051221
1353.33,-79.02
1366.035066,-83.83990608
1366.22,-84
1370.0688527,-87.3490017
1370.07,-87.35
1367.1708642,-88.07978246
1367.17,-88.08
1353.93160813,-84.84324054
1353.85,-84.78
1351.42696114,-84.26996784
1351.41,-84.28
1345.35457986,-83.1789616
1345.27,-83.15
1338.66177673,-84.95113868
1338.75,-85.05
1336.96614078,-87.09800211
1336.85,-87.09
1341.97011962,-92.80490964
1342.29,-92.93
1353.45958194,-97.61045864
1353.47,-97.62
1348.35009125,-99.5247501
1348.27,-99.51
1338.15214852,-103.86471498
1338.15,-103.92
1335.67162113,-107.34092619
1335.63,-107.38
1329.81251547,-108.02780155
1329.72,-107.98
1323.18314583,-107.82842308
1323.1,-107.87
1316.36882764,-110.34570587
1316.31,-110.36
1311.32473323,-112.40982272
1311.3,-112.43
1318.84351785,-122.91363668
1319.02,-123
1325.23851472,-128.53146165
1325.26,-128.59
1328.09080501,-134.75837221
1328.12,-134.81
1328.0401961,-138.64057235
1327.99,-138.66
1326.90407296,-141.39962007
1326.92,-141.44
1328.05450139,-146.40120977
1328.06,-146.45
1329.19618241,-151.33726271
1329.21,-151.37
1327.51539225,-154.13223959
1327.46,-154.15
1320.68169671,-150.36220753
1320.58,-150.25
1311.93393796,-142.34393722
1311.86,-142.29
1302.22744058,-132.15602439
1302.14,-132.04
1298.5592492,-121.71781549
1298.61,-121.62
1300.39916364,-115.55507586
1300.4,-115.51
1302.04304855,-109.90857703
1302.07,-109.86
1299.57860065,-100.25518335
1299.47,-100.13
1293.8591948,-102.72899948
1293.89,-102.83
1288.45456142,-104.73771119
1288.35,-104.67
1280.68271928,-102.09312108
1280.6,-102.08
1274.35634423,-104.57491286
1274.32,-104.67
1273.63999177,-111.17743929
1273.65,-111.23
1271.11297551,-115.0917128
1271.03,-115.11
1263.30967805,-113.96311371
1263.23,-113.93
1255.6693304,-112.89318191
1255.61,-112.91
1243.03912454,-113.87808932
1242.88,-113.88
1230.37622872,-116.65860726
1230.3,-116.73
1226.01314952,-124.90859889
1225.99,-125
1222.93833391,-133.09583984
1222.91,-133.14
1225.94243831,-138.17982864
1226.08,-138.25
1240.60510279,-140.10226723
1240.73,-140.06
1256.66649728,-152.37011837
1256.76,-152.55
1261.31136759,-158.21903799
1261.35,-158.24
1263.23939817,-188.50615922
1263.12,-188.84
1252.74726312,-197.3212211
1252.61,-197.27
1249.03671875,-196.06016159
1249.03,-196.06
1246.15138096,-200.8203457
1246.11,-200.9
1244.80337523,-207.21739196
1244.83,-207.25
1241.93255116,-213.54256276
1241.83,-213.59
1238.94038899,-216.03095687
1238.94,-216.05
1247.02464888,-222.74672036
1247.16,-222.84
1257.33720099,-232.86612897
1257.38,-232.96
1258.91781254,-237.84221371
1258.91,-237.85
1253.6303201,-240.709219
1253.55,-240.75
1248.66145722,-243.20926692
1248.66,-243.21
1245.72087612,-236.4620115
1245.72,-236.46
1234.78845762,-224.58070983
1234.64,-224.54
1231.27026176,-220.90176782
1231.27,-220.84
1227.51758914,-215.8559242
1227.44,-215.81
1219.65972266,-216.01574972
1219.54,-216.09
1214.24684818,-216.33860682
1214.21,-216.27
1212.96016757,-212.15025657
1212.96,-212.12
1210.78653024,-209.14970894
1210.75,-209.13
1204.58894884,-212.23320153
1204.49,-212.34
1198.18827479,-218.00784999
1198.15,-218.03
1197.38993839,-221.19174023
1197.43,-221.24
1204.02593935,-225.94302767
1204.11,-225.99
1210.87489374,-227.16450729
1210.92,-227.12
1217.69163861,-226.77526616
1217.82,-226.81
1222.99845636,-228.21957982
1223,-228.22
1220.11086122,-230.14942486
1220.11,-230.15
1212.32308174,-238.74350195
1212.3,-238.84
1214.35919901,-243.34738486
1214.43,-243.38
1219.75858986,-249.71567825
1219.8,-249.8
1225.79067711,-256.97457554
1225.85,-257.01
1229.00357867,-263.6279025
1228.93,-263.67
1230.68848948,-266.91942057
1230.78,-266.92
1231.03542891,-281.40332974
1230.93,-281.78
1212.87321972,-305.84797118
1212.57,-305.96
1201.79937222,-308.81634701
1201.74,-308.82
1190.72223258,-314.76359667
1190.63,-314.88
1188.20072414,-317.96907918
1188.2,-317.97
1187.07033674,-314.99088804
1187.07,-314.99
1177.46565855,-312.11911187
1177.32,-312.18
1168.75622775,-320.85356424
1168.72,-320.97
1177.46384335,-335.37174384
1177.65,-335.52
1189.80819099,-356.90718087
1189.85,-357.13
1183.54575623,-370.2141865
1183.38,-370.29
1178.11140414,-374.42528544
1178.1,-374.46
1171.05007536,-379.14530568
1171.02,-379.1
1170.96871998,-375.77609183
1170.98,-375.74
1170.95218001,-371.67173558
1170.94,-371.64
1167.90543814,-370.95034224
1167.85,-370.98
1163.63685601,-369.54779472
1163.59,-369.48
1145.56510861,-354.91268163
1145.47,-354.91
1144.13448604,-358.96555579
1144.14,-359.05
1143.13152165,-368.80511944
1143.11,-368.9
1144.19462321,-377.84150279
1144.26,-377.93
1147.44739212,-384.1707422
1147.46,-384.22
1155.08285249,-392.70561076
1155.2,-392.8
1165.05840713,-407.46218017
1165.14,-407.72
1168.07960502,-418.14018263
1168.08,-418.16
1163.87507697,-429.21582797
1163.88,-429.32
1166.54656698,-433.40132945
1166.59,-433.45
1172.56041874,-440.18876962
1172.7,-440.24
1193.50754676,-425.37611228
1193.47,-425.19
1194.36255628,-420.05837757
1194.39,-420.02
1198.5262299,-419.14588742
1198.59,-419.18
1202.52332247,-417.54084512
1202.56,-417.46
1208.228542,-412.19665213
1208.3,-412.16
1214.06373347,-406.46220053
1214.09,-406.4
1219.5089729,-401.54691605
1219.59,-401.52
1226.6388495,-396.21665811
1226.69,-396.15
1231.14652955,-392.1205416
1231.17,-392.12
1236.28752681,-395.94591836
1236.35,-396.01
1240.12887356,-399.9088378
1240.13,-399.91
1237.10090294,-403.98878416
1237.1,-403.99
1237.6241159,-417.90604786
1237.74,-418.07
1240.09929672,-421.38901064
1240.1,-421.39
1248.59217446,-423.25503229
1248.65,-423.2
1257.49783493,-421.57736723
1257.67,-421.61
1267.22892421,-421.08161324
1267.31,-421.04
1288.11132461,-414.56123309
1288.18,-414.56
1288.15376005,-416.69083541
1288.1,-416.75
1287.27243029,-421.98718811
1287.3,-422.06
1309.4019084,-431.12964344
1309.45,-431.13
1315.70895424,-438.18376782
1315.71,-438.28
1318.22777889,-443.4161398
1318.27,-443.47
1322.63532679,-444.43860016
1322.69,-444.37
1329.92991554,-438.95182009
1330.02,-438.9
1335.45837888,-435.78092976
1335.46,-435.78
1343.0077501,-439.18898382
1343.01,-439.19
1356.00765258,-444.55660289
1356.1,-444.59
1369.52749177,-451.77289154
1369.66,-451.86
1379.701273,-464.4937563
1379.64,-464.57
1391.3915772,-481.12097246
1391.6,-481.28
1390.9595195,-485.02854392
1390.71,-484.95
1390.71,-484.95
1390.71,-484.95
1376.99833863,-476.17044834
1376.91,-476.04
1364.3550972,-468.23143044
1364.26,-468.26
1359.55043833,-473.0616287
1359.51,-473.13
1356.43053174,-493.99287192
1356.46,-494.1
1361.12243965,-503.07482916
1361.17,-503.12
1365.38865928,-521.8172192
1365.34,-521.99
1368.10825978,-530.14487453
1368.22,-530.26
1375.99716775,-542.56348636
1376.06,-542.7
1384.33432793,-556.89947199
1384.41,-557
1388.9586441,-563.02820306
1388.96,-563.03
1387.67038442,-572.34722264
1387.67,-572.35
1382.45656892,-588.60568912
1382.37,-588.76
1367.85623964,-605.24448604
1367.75,-605.28
1361.32948073,-611.75377731
1361.26,-611.85
1355.91972913,-617.69921304
1355.9,-617.7
1349.9798099,-623.72908515
1349.9,-623.83
1340.13776444,-630.05746333
1340,-630.06
1330.88754104,-633.25348062
1330.8,-633.32
1326.6512367,-636.47905832
1326.65,-636.48
1323.93081056,-633.59086122
1323.93,-633.59
1323.93,-633.59
1323.93,-633.59
1318.66112496,-632.35369889
1318.59,-632.4
1305.37803519,-629.78578521
1305.24,-629.68
1303.84262985,-624.89027803
1303.88,-624.82
1304.04909398,-619.33368532
1304.02,-619.27
1302.72017653,-614.13841321
1302.72,-614.1
1299.37599681,-613.76836683
1299.33,-613.85
1297.43272836,-615.17200046
1297.42,-615.16
1300.39781407,-610.16107123
1300.46,-610.09
1297.01196365,-607.06534012
1296.81,-607.2
1291.08760299,-611.92005468
1291.08,-611.94
1288.00467192,-607.54356543
1287.96,-607.45
1281.14508255,-599.04972922
1281.07,-599
1269.05452642,-597.01867736
1268.84,-597.04
1241.59145285,-603.94972282
1241.39,-604.05
1228.00720673,-607.60527711
1227.87,-607.62
1212.19746147,-611.3122743
1212.07,-611.36
1200.61767406,-612.99200015
1200.52,-612.96
1197.06649291,-607.48296954
1197.15,-607.45
1201.25231844,-601.5075349
1201.29,-601.42
1202.2553094,-589.43983081
1202.22,-589.26
1202.09298201,-572.07981522
1202.12,-571.85
1202.71090823,-558.79334243
1202.7,-558.75
1203.93834744,-551.23388634
1203.97,-551.15
1218.59354938,-540.71959463
1218.97,-540.56
1235.25433774,-535.03074506
1235.31,-535.03
1249.46929086,-524.25879901
1249.57,-524.07
1254.26274256,-519.14619144
1254.3,-519.16
1258.16781318,-517.75581667
1258.16,-517.68
1260.06791018,-514.40342769
1260.11,-514.39
1265.05388576,-509.67717133
1265.1,-509.61
1272.39241029,-503.72166018
1272.47,-503.69
1279.4900702,-504.05643563
1279.56,-504.12
1288.37542035,-507.48222414
1288.42,-507.43
1288.97210518,-505.13248819
1288.96,-505.12
1296.72816568,-495.28458958
1296.82,-495.26
1304.15623561,-492.33692897
1304.23,-492.3
1313.54247658,-491.3758845
1313.67,-491.41
1319.88206982,-499.32573013
1319.78,-499.48
1327.04769692,-516.16289392
1327.37,-516.39
1337.83571867,-522.33662607
1337.86,-522.33
1343.20363588,-516.43109292
1343.27,-516.34
1347.90539186,-504.46554499
1347.92,-504.32
1353.54881825,-487.78287368
1353.6,-487.78
1352.75247783,-476.4951286
1352.63,-476.47
1345.11210434,-472.8083167
1345.06,-472.76
1339.52129155,-470.5941572
1339.47,-470.61
1335.16147149,-470.35726191
1335.13,-470.34
1336.19273134,-467.35062075
1336.27,-467.3
1337.31999004,-461.19564614
1337.26,-461.07
1326.30778345,-452.32983054
1326.09,-452.22
1313.51872359,-447.63061641
1313.46,-447.63
1310.46223347,-441.23308332
1310.56,-441.16
1307.26245058,-436.94406421
1307.11,-436.87
1301.17367686,-433.6628158
1301.25,-433.62
1284.20434137,-427.46041899
1284.11,-427.37
1284.11,-427.37
